{
 "cells": [
  {
   "cell_type": "code",
   "execution_count": 1,
   "metadata": {
    "collapsed": true
   },
   "outputs": [],
   "source": [
    "import numpy as np"
   ]
  },
  {
   "cell_type": "code",
   "execution_count": 4,
   "outputs": [
    {
     "name": "stdout",
     "output_type": "stream",
     "text": [
      "[[ 0.66666667  0.33333333  0.66666667]\n",
      " [-0.66666667  0.66666667  0.33333333]\n",
      " [ 0.33333333  0.66666667 -0.66666667]]\n"
     ]
    }
   ],
   "source": [
    "A = np.array([[2/3, 1/3, 2/3], [-2/3, 2/3, 1/3], [1/3, 2/3, -2/3]])\n",
    "print(A)"
   ],
   "metadata": {
    "collapsed": false,
    "pycharm": {
     "name": "#%%\n"
    }
   }
  },
  {
   "cell_type": "code",
   "execution_count": 5,
   "outputs": [
    {
     "data": {
      "text/plain": "array([[ 1.00000000e+00, -1.23358114e-17,  2.46716228e-17],\n       [-1.23358114e-17,  1.00000000e+00, -1.54197642e-17],\n       [ 2.46716228e-17, -1.54197642e-17,  1.00000000e+00]])"
     },
     "execution_count": 5,
     "metadata": {},
     "output_type": "execute_result"
    }
   ],
   "source": [
    "np.dot(A, A.T)"
   ],
   "metadata": {
    "collapsed": false,
    "pycharm": {
     "name": "#%%\n"
    }
   }
  },
  {
   "cell_type": "code",
   "execution_count": 6,
   "outputs": [
    {
     "data": {
      "text/plain": "array([[ 1.00000000e+00, -1.23358114e-17,  2.46716228e-17],\n       [-1.23358114e-17,  1.00000000e+00, -1.54197642e-17],\n       [ 2.46716228e-17, -1.54197642e-17,  1.00000000e+00]])"
     },
     "execution_count": 6,
     "metadata": {},
     "output_type": "execute_result"
    }
   ],
   "source": [
    "A.dot(A.T)"
   ],
   "metadata": {
    "collapsed": false,
    "pycharm": {
     "name": "#%%\n"
    }
   }
  },
  {
   "cell_type": "code",
   "execution_count": 7,
   "outputs": [
    {
     "data": {
      "text/plain": "array([[ 0.66666667, -0.66666667,  0.33333333],\n       [ 0.33333333,  0.66666667,  0.66666667],\n       [ 0.66666667,  0.33333333, -0.66666667]])"
     },
     "execution_count": 7,
     "metadata": {},
     "output_type": "execute_result"
    }
   ],
   "source": [
    "np.linalg.inv(A)"
   ],
   "metadata": {
    "collapsed": false,
    "pycharm": {
     "name": "#%%\n"
    }
   }
  },
  {
   "cell_type": "code",
   "execution_count": 8,
   "outputs": [
    {
     "data": {
      "text/plain": "array([[1.00000000e+00, 1.54197642e-17, 1.23358114e-17],\n       [1.54197642e-17, 1.00000000e+00, 2.46716228e-17],\n       [1.23358114e-17, 2.46716228e-17, 1.00000000e+00]])"
     },
     "execution_count": 8,
     "metadata": {},
     "output_type": "execute_result"
    }
   ],
   "source": [
    "np.dot(A.T, A)"
   ],
   "metadata": {
    "collapsed": false,
    "pycharm": {
     "name": "#%%\n"
    }
   }
  },
  {
   "cell_type": "code",
   "execution_count": 9,
   "outputs": [
    {
     "data": {
      "text/plain": "array([[1., 0., 0.],\n       [0., 1., 0.],\n       [0., 0., 1.]])"
     },
     "execution_count": 9,
     "metadata": {},
     "output_type": "execute_result"
    }
   ],
   "source": [
    "I = np.identity(3)\n",
    "I"
   ],
   "metadata": {
    "collapsed": false,
    "pycharm": {
     "name": "#%%\n"
    }
   }
  },
  {
   "cell_type": "code",
   "execution_count": 14,
   "outputs": [],
   "source": [
    "B = np.array([[2, 0, -1], [-2, 3, 1], [0, 4, -1]])\n",
    "U1 = np.array([2, 5, -3])\n",
    "U2 = np.array([0, -4, 6])\n",
    "U = np.array([[2, 0], [5, -4], [-3, 6]])"
   ],
   "metadata": {
    "collapsed": false,
    "pycharm": {
     "name": "#%%\n"
    }
   }
  },
  {
   "cell_type": "code",
   "execution_count": 15,
   "outputs": [
    {
     "data": {
      "text/plain": "array([ 2.,  5., -3.])"
     },
     "execution_count": 15,
     "metadata": {},
     "output_type": "execute_result"
    }
   ],
   "source": [
    "np.dot(I, U1)"
   ],
   "metadata": {
    "collapsed": false,
    "pycharm": {
     "name": "#%%\n"
    }
   }
  },
  {
   "cell_type": "code",
   "execution_count": 16,
   "outputs": [
    {
     "data": {
      "text/plain": "array([ 7,  8, 23])"
     },
     "execution_count": 16,
     "metadata": {},
     "output_type": "execute_result"
    }
   ],
   "source": [
    "np.dot(B, U1)"
   ],
   "metadata": {
    "collapsed": false,
    "pycharm": {
     "name": "#%%\n"
    }
   }
  },
  {
   "cell_type": "code",
   "execution_count": 18,
   "outputs": [
    {
     "data": {
      "text/plain": "array([ -6,  -6, -22])"
     },
     "execution_count": 18,
     "metadata": {},
     "output_type": "execute_result"
    }
   ],
   "source": [
    "np.dot(B, U2)"
   ],
   "metadata": {
    "collapsed": false,
    "pycharm": {
     "name": "#%%\n"
    }
   }
  },
  {
   "cell_type": "code",
   "execution_count": 17,
   "outputs": [
    {
     "data": {
      "text/plain": "array([[  7,  -6],\n       [  8,  -6],\n       [ 23, -22]])"
     },
     "execution_count": 17,
     "metadata": {},
     "output_type": "execute_result"
    }
   ],
   "source": [
    "np.dot(B, U)"
   ],
   "metadata": {
    "collapsed": false,
    "pycharm": {
     "name": "#%%\n"
    }
   }
  },
  {
   "cell_type": "code",
   "execution_count": null,
   "outputs": [],
   "source": [],
   "metadata": {
    "collapsed": false,
    "pycharm": {
     "name": "#%%\n"
    }
   }
  }
 ],
 "metadata": {
  "kernelspec": {
   "display_name": "Python 3",
   "language": "python",
   "name": "python3"
  },
  "language_info": {
   "codemirror_mode": {
    "name": "ipython",
    "version": 2
   },
   "file_extension": ".py",
   "mimetype": "text/x-python",
   "name": "python",
   "nbconvert_exporter": "python",
   "pygments_lexer": "ipython2",
   "version": "2.7.6"
  }
 },
 "nbformat": 4,
 "nbformat_minor": 0
}